#
5 2.328307867050171 0.5063199996948242 0.1331329345703125 0.13358759880065918 2.1621458530426025 2.2233285903930664 2.3202526569366455 7.479268789291382 
67 42.89652132987976 0.12551593780517578 0.17501258850097656 0.129136323928833 2.200157880783081 2.2004711627960205 2.3384857177734375 7.168779611587524 
128 42.525394916534424 0.12551355361938477 0.12464404106140137 0.12599539756774902 2.1901838779449463 2.270339250564575 2.1795732975006104 7.016751050949097 
243 71.0675699710846 0.5391075611114502 0.12229585647583008 0.12255287170410156 2.160536766052246 2.1276166439056396 2.1700470447540283 7.242156744003296 
321 52.84547734260559 0.5136516094207764 0.1193695068359375 0.12370967864990234 2.0833253860473633 2.0949835777282715 2.218033790588379 7.153546571731567 
346 17.5684552192688 0.1315751075744629 0.11750221252441406 0.12041211128234863 2.042194366455078 2.1952972412109375 2.238349676132202 6.845330715179443 
354 6.898852109909058 0.12247657775878906 0.12336993217468262 0.11614346504211426 2.0545828342437744 2.1217422485351562 2.178374767303467 6.716689825057983 
361 5.855589151382446 0.12601256370544434 0.11998867988586426 0.12194466590881348 2.0936696529388428 2.1121602058410645 2.16742205619812 6.74169921875 
477 74.76862096786499 0.5506975650787354 0.12112736701965332 0.12384891510009766 2.1346230506896973 2.1343467235565186 2.1723949909210205 7.237038612365723 
515 25.807310342788696 0.1273515224456787 0.12640929222106934 0.1260671615600586 2.071535348892212 2.143812417984009 2.228276491165161 6.8244547843933105 
993 315.17956042289734 0.496690034866333 0.11890459060668945 0.12256336212158203 2.029515266418457 2.097337245941162 2.0565199851989746 6.92203164100647 
1253 167.22668600082397 0.506662130355835 0.12280964851379395 0.1281909942626953 2.122159242630005 2.104429244995117 2.1172943115234375 7.10204553604126 
